142232134432442134141322
223212334243311431113141
313232234233141233423143
112255145421223121144143
143122243321133214143321
213231311241322423443342
213232211443141223141442
213222213344241222232132
213234131232141333213121
242435331423141323141333
343242334133121343412134
213212212443111223431142
113132231443321423442132
213134421121113311141112
443312444344311124123141
113423114131313443231341
213224231432131222234134
213241231322142323141142
343212134243422223124411
234132331124411242321142
123232311342421223124332
213224112243121243221332
113232211323441223141143
213431332143341213224243
213232114343111231122342
212241212343131221141341
213232211443141223141342
413232111343141223241342
212232341344131223424334
143122231334141233442134
243233241422441223442332
142342342132312423343443
223224431323242433131341
213311443122421322324312
314232142141141332321341
114312433121443221421142
342221134223112221443141
211432314423141223141123
213434311412341223143143
311432243123131444123343
143212442333313231442122
113224332142111323142134
114231331331114322123142
124513432441121322213243
223231133421122234243143
212243211443141222423143
244111344313241232423141
242232444123321224342113
212221231321411222124121
143231443223341234123314
213432131123111413224134
311232312443141223141132
132231233412231443241133
113141241331142321134443
112432142231132341322314
132232214343341242343144
243232251342141223432343
112422432432311242442133
213232211322141213141123
211321412223143223122233
214242131121341321423113
123243132343111224222342
213232211443141223241332
133231331233123424322431
254444433333141223224134
134211241341314243132311
243221342232112221311134
221432433322433124425114
233232311344141223144142
213231233133311413412344
212231341241341423143124
213234233133141213124341
414111333121114242323141
212234311433141223141143
242212313434344323312113
223131211411141223141143
213232411323412223143343
124232122144123424312143
221113111141111423132133
314321234321414323241234
242322111132311223341143
412434232341311323122123
213241211331321323133111
143421332421432423132134
212232342132131233423141
243223421433422421422142
213431212431441213341444
213232211433111223141342
213132211441141223141342
243232311233241423123133
413122133442243243321432
232231243441113242423341
212234223442311224234143
313321343413313434421123
213132211431141223441141
242411142111211323242431
213124342411341344332141
213114232441411244321232
213232213543142224123131
212243132531431334213423
313432211343441221142143
114233212443143223143342
143234241241322132313122
411232312341323133123424
314242234123441233425142
443232121342341223423321
213412331343311231133134
143332334323411243324334
313243331112441334242141
212232121431241223111333
415435511443144223241343
243224134132431321334334
144121342241333333333333
112432143142441223123321
213234114233341223441323
414221312323443233253114
243234312341324434132344
212234132321411321423323
242413231331141343242344
323232312134344222143441
233232112121211323424331
212223433314412225232412
213244212442141223123144
243212141324314221124144
243243431341341321121312
242132412332124222433141
213234133421341223325334
211243132433321223442141
213232421424421324223131
411232132143441322122331
312212242323311122313141
212214112132441322421141
213432331242141233143333
213432443144142223322341
213231212143141223121133
213234211433141223141341
213322442132322324421143
214234212343141223341142
213212431323241223242321
213232512424141223131142
213132342343141342123141
141122232143111241243343
112232212243141223341142
223232211441441223141114
142134443132442141222143
113232111422141223142142
211232433214232334143143
123421432333331233124113
233111342223124222343122
211234132441112323423124
114222432144341231224111
312231143131312332441442
413124312343243232142143
141232341242131342241143
213224231343141442421142
413224332342342323321323
313324332121421123342142
114222432413143224241334
213234231444141223441342
213222234131313121443141
213232211343144222123442
113252131433141221142141
124412134141311243311143
243234434121121423223123
143213432514123243124313
311444131433341321222134
243231132142121422123441
232123431133343423342424
111232412343234124242422
113242343332113331224114
413342143121421242442141
423322331223412123421133
213132233142141233143342
243231231432141223441143
243213132442341334342132
213232211442141223441442
321221432341321223133132
214233211242142323141142
213234212331141321422343
431442314243313241342144
343243314321441324422333
413243212342442121324342
243122244343243123122433
142211233411212324121442
412231231321141223241144
223232211332141241243322
213232211423141223441345
414233333442121143243112
442224443114311422243133
223234212333141223321344
213214213431141223142343
212234311121211224323224
213431423431411223142123
213112433243241233321134
133222212112441221313141
412241232343411324222141
213432112241341241342132
242152334231114234322344
214222443433143223243143
234343432132141224123142
211134134334323231124331
213334211523341223441344
212232343313441223441141
211242323411241223422341
213234231441241422341143
331412341331133321344143
213234242113411323141341
443123132231421321224132
213134112441141243123342
213334141242132432231344
213132132314141324143141
211222113331311223343143
114142441143212432143132
244241234432143234224313
211121314314441222144313
412432341341143414322343
244332241221231233313444
213232211443141223131342
433112312342413234123123
213113334232342413443112
112234344134331234143121
212222241432341223121441
213213121341341233214143
212231444143411221142111
443414412341411221343143
232211433121121131123134
112233211443141223144342
243334443123441222324131
414242133341311422442423
412233311342342124242243
144432432323441122343123
413242342133142233423412
244432431112441323124132
213232111523141213142344
211234111421141223441143
243231332443321432423143
213234121421241423441142
225412332421141223241123
214232311423341233141142
313234232424141223331442
113222132443142321141123
212232333423141223113442
212234131132241221131443
421232233111131221413142
222134231413141223114123
213132431241441233124223
443422442323423323441131
243241332123341223123142
213222211443111223113132
144132411444412342122231
213232121433311232411342
113242434143312431144324
243232113343141223142142
143231232431241321341242
123232143121311241432324
214214243131412343124322
412133212342211234342114
241234213343211523531343
221433334143341221423344
114122343142142442321343
313232211423241253131342
113224213113141441223141
213232111443141223141342
412232142343114331423143
242232131242141223341143
213232111243141223141342
111111444112311114111114
313234433323311333413432
212334211431331224141143
324241332431123134342134
241342333343411434322343
122123333143112323324142
313132131133141224331122
214234133414413223321142
213132131422241213334312
213234131143141423431112
213232112343111231421343
243131433124111413321231
232114432241311222143341
244232411241432342122143
213234233143141214133343
213234213143441223131423
211133132422241313143131
313412143431114324334442
313124332322424221324314
212322344134421424441441
313123231241124223321121
213224112325141322121143
152221533325311325123144
113231312423241124122341
242231341321341222132143
143322132144121422434334
113132343343331214123421
113422311331444423132142
213224211144131323131144
412231234242314243132143
113234211431141223344334
313232112333131322142343
213134334111141244332121
213232211443141223341342
213234214341341223132143
213434311443241323144322
442133441223412234323131
243232433112312421324134
412231343352442242442131
142331312444112322424141
442242433333311231143132
213231432441121333421443
243132411133551224141343
323231441223321423114323
312442334342411223124114
413234433132142324324152
241331212341321222424342
141243113233311224342132
211143111412541223441143
112234111442241123141342
213234212432441223141143
143132333132211442123342
112221234343142242223313
211232141444241223132143
213234211441341223141343
312434242331131224141144
332234143343321421123433
412413312421341223341142
213231211442141223131342
213232211443141223142342
244213312343441223141341
423213131423321223443141
342134132411322214243142
412234232421141224142342
212221231333242232421121
213224231443141223341134
313234412112144221121141
213242314341321121343122
213132211443141223132124
413221134331344231342142
211224342241121313115144
212232332121421221133432
213231311421341323343142
313232432221141213141334
212232111431411213143141
244231312432441234123443
412233212413141223431141
134132144242124432321143
213231433223211223143144
222234333233212342423343
143432331333141223243132
113232431343142221323323
113223314123121214314323
311211343333123143422123
214132314231311423124314
413231234133314313234112
114231222342311222423142
312431141324124413131132
411432343423321321123111
213422231342341223343144
213232211443141223141342
412234132421131242124433
114221131133341433122141
113221311441131222422142
243122431111313123123112
213213113432141224441143
214232131423141223241341
213433413541141221323123
142332123141314223114343
343242141324122313424413
214232312441441223313342
212332131423121233441142
333232333313311322423333
212232211442141224141341
214412132331113122423434
213222313341141423144141
243122443142231441223142
112321231331214342425122
214112431133343122314323
213132121343211222143443
313222213342131222334433
214231214411311243141444
113223222323241222133344
213132423442131223144153
412232313442341223321344
213232234214441322325144
212231211421141223141334
133134413443143423124134
134412134313314144423243
213321424123211423143142
212232131323341241221331
212214341213241223141123
324422332243234122142312
214241211123311223123121
213232142133122214324134
513133242321341224341144
213233411321311224123343
112232131432314224321124
213342143431111214324142
211232221312121322441131
243213432133321313243312
132141223314421331443131
213134223132241223124141
243144333333141424414241
213232211433141223142144
244334331142411314313443
212234311243311222444141
113233342331124222134114
211424212421141232421343
214234211432141124442341
142421334312312423431332
313232234443114321421334
424244333143331244423131
414131333221442123123141
133232322414322313142132
213232212413141314131142
213243232132111411212143
111232331231141222134134
112232331342313331123332
245111343152143311143344
313224111314341223131143
112132231132241422223143
212234211432141223421341
243234231443141313211323
111111131112141222222322
212234311443341143223342
213234132321121323442344
234312342313322143324434
213244232441141221123342
212232433142111224431422
213244231323143223124411
133142132341141124123442
413212141321333223421142
213234212442141223441141
243121431131321133424321
212241313343141422221443
213223211442141123141141
233434432311343221423141
213224441332411221441143
243122134141342242143141
241223111233211441332141
212242311421141223121313
212134334123142322423141
112232334132111221134114
132422313123142132124131
213214123221221213222112
322222222222222222222123
213232212441141223141342
313224342413121133423134
314412411324323323213121
132442243243133224123113
243134211422141312441132
443422131332411411233422
213234211422131424121342
141322341123411324422124
114432332124131324313142
241232233144241323232412
114122332341144324124444
213232121444141224143142
233432231443141223141342
413224332141311222432134
213131332143341123323414
121231412422121224221132
144231443324134421323143
123323241211213421223142
112232422143212321341143
213231431431441222121321
214241334143131123444321
313122243131341221143234
213212141311141222223141
114434432334444223241121
214142134241113232411431
213234213134111332444343
233223132343211443322133
443132343124211222441142
223241241431341222143341
213232243421121122132154
413234212323441322421331
312432132422412223441142
342231234143231223124142
112124321432322144424142
142314331232242214341322
312222132441141223444331
213114231431311223131341
113234431243411324112431
213232213443141223222143
143121442211212231123341
132132224341343443143121
213224111443141223141121
214232411443141223431424
112322232433323223243524
213242213221141423231141
314134241432413212323114
213213211443141223142144
142141344321431233424134
213234212421141223141341
134212343212121433123132
144211333234124231324123
213224211343141223141342
212434131344144324142134
413224341243121321124132
231223331142412423312342
213432212442122224333122
214224124131313221324432
224311332222342223421332
342421243242111421132241
212432132143341423142141
313234323214344214423133
214222211443131223141344
344112144321324231441131
313124341321313443212132
113434224122343412144312
113222334223221423321134
213232232433411313143142
211234232442311333421142
213213212433111223122332
122132433223311213334343
313134132424211321342141
122334314423141223324131
213232233343141222142141
312233323222441324323132
413122432531142232221243
312234114442121323231114
215254232151141233224341
123321332344431442143343
114432421321141322343133
223232211423141323141142
323134424132131233324441
223244233413311223441133
213242313112431443221342
212422334113223221424341
114423411324414243441421
114212243323144322134133
243214211434141221441343
213224311441141223141342
243214211423141223132141
344231234112341224243314
313213322333312122314424
224331332433133432124211
233235232443121223241142
213324233443312343223443
414242414123412324421441
412232131343124223131333
114212243123443232425331
214432421432341313242113
123142132141421343123143
331312432234231334443134
213212212341212132344214
312243122131343321443142
233441123323113242341244
213244211441141223141142
212122132432111213324142
132222332443323234322421
233424133123123343243213
224134432134111211111134
244242441131412423443143
313123242344441312323143
212234131423141223142344
144222124341313214232321
213332112431131221423133
123234434223331442344313
231234233141311324342144
214231232443442224134343
233212432322323413321143
123232331442141224131142
214242232412141314243142
212231131442441223141143
212232211441141223421332
342132434111311324314141
344212313434412234223142
213145211535131323232141
114331143341423223421141
213231432243142233124343
143432132343431223242342
211231433212321243442131
212231433434142233243133
233231414221241212344342
412232142141441221321314
313422314143323213342341
213232211423141223141342
243221411344311224321143
114334412311211423122144
142422133321314333122121
212233234443441223221143
113234212342311234413142
313221334244234121123141
113412443121413224122133
214132212422141413442143
214222213344241223132442
213432412431412421123144
213133231422111324123341
213232211443141223141344
412232332442212244324121
211231411234411223141224
212232441442341223141133
213233211323141223111342
211233123412241223141142
212234411432141234423243
232233332323412433442144
243421134112212321324241
323131224521231224252142
122244321322311124123343
213232331241141223443313
412131131334311322341111
414132344424414224442123
213232314333421243421124
213234111423341223332334
343222211332441224515141
244231431241411222413324
142213231442312213424243
143231232142211324124343
314432341331324424323441
313424413144142343424224
213242232343411223144134
334433111423411223444334
314224243121141443142143
113232342243311343321132
143213434242343134423114
113434133241123343312144
232122333421141223141134
132324223142121242121341
254132311443341423321143
213141431412141222334143
213234211413141223121344
243322332333431221443322
213212331132313342421323
243241141132343423432143
233214444233132223143141
213132211423141223141142
515242432243124423422141
143223413121441232143134
313232412333341223242114
132242134241121242243142
211213132321341222423343
421233433341441322244143
112132142312243221134422
213113212422121333341132
213132434113111222143142
212234132142341442111443
344211431311311214143341
413122342223442234321141
443424431223441234141131
112132331343411211443121
242224322433441224321141
113433221332111223144143
443222133434311422413124
313233431441241321133141
243233212443341213424142
213233212433331342431143
212424313421141223321431
213442231311141243321143
241412234333441342413324
213222142343141232124331
223234132342341221323122
213422231443131223241143
212231212343141225155121
221224424134221233221412
424211343234313432414323
243243112434121142233441
213232211333231223141134
143131224444341331423113
313132412443341223241341
412223432312112133242141
344242133143323223132244
112233243422343423131112
213423244121111222342124
113232221423141223141341
213142433441341233121332
122412122142311224123112
412322433132231432135142
312214432343141224331141
213232211442142223141141
244421134443134444343334
343231232332141322421142
213231311214141323344343
452312443221111342313142
243133121342431423312142
213134143222141233224142
123214123332341241123141
223132422112321242213112
213242211443121224341343
213134324113131224324134
214143212332141234342313
244244332143412331123114
142131141243314224133412
213221334144141323421141
233122131431441423122343
413242134231341224322341
122132432131341221143114
213213211344121122133342
113212342343411324341143
313224433122213412423443
342222232122213223322124
243221243411341212132342
223231233344141333321131
214224434341231423142343
213232311141141223141342
412242332143312423423331
313232111443141223431144
114311244133412123321243
212432211441141223141342
143432111143122123243133
213232311422141223141323
142123133424444313243143
212134332133131324241142
413221213133241123222122
313212231444341223121322
422232131144221412322114
214132433141323343214424
313233213341141321143323
214313441231133444324334
331443341324321222451144
213234311432131223141132
243432211422141243141344
213231331225141233114141
144142212141334233141123
443231421431221241344141
112242332343112221413123
243412331343131341342342
243234412312122423441343
134431332431313141344313
312132344123343222124134
432421432321143222123243
213241112131141342243311
213241432133211224113131
213232211443141223141342
113132233233142332142311
213233132431441123212144
413232132343142234241444
124322341223231242323131
213321333421341214344121
323221332114311423142342
213234232443141223221143
122432334243411234323113
142212432131431243324121
213232232342121423143144
112234334132244243113143
211112234313222341142141
213224243442211232324134
133234111132441223341443
214232211141421223423143
213233113341141224343334
212232431242141223142342
243131411233311423144144
412131432342241334122131
413331434224311223324213
213232411421341343121143
324314244121314111332323
443241244321311131342343
213132111413241223142142
424212112334413231133411
212124442322411325343133
213232111343141323131344
423133233144112324443124
211232311433141223141342
314133441431312113124544
142233234341141343343422
231222123343143341234313
242432231441141223142143
213231234342211224413142
144132132421412243324142
142431442223311412124142
213232432232411434423112
414231342342331421324441
213332332123113413421141
143412324334311243444141
113444131144321223121142
213234233133141321343124
113222342142322231342334
213232332332311214423231
253155211325541223441143
433142133334111241231434
214232211223141223141342
113232222431141223224141
121222132341313343124124
233323314321241322423141
213234211422141423441133
213231331443141423441342
213233442313111231133433
224233142313141233142111
244212132313412344441342
213432233531341321441414
142422334441143331442142
312231433344241312323143
213122332331421424423311
213232233143143221323312
212231231421441123243131
213234112342141221322343
112142322421443222241432
213232231443141223141142
213232232143341214121343
143424241332341232413442
212214322442121334421511
213232312413341224421133
323124331341431234231422
243233212411141223241144
311123334122441424241342
313234231121141223121342
243231214244321343422334
113343434231343121244141
232132431341211243341331
212233211441141233442343
213241211111141323323143
333241332333111222143342
412214332333331133423143
213233211233141223141332
143223141242142423144141
214435212143321212124143
213234231433141224143342
413232132422411413124431
213434421342344134221131
134231243551531234123331
143234441231341221431143
213232334232321233421134
213234111434141223341141
243431342311431211321124
131132331442243222131124
343242331432431223422432
313314331242312421324432
221232214143311224423132
211211332343342243423134
213311432431342223123144
133322431341421233224113
314242111433443323443342
241232143213141324143123
142113423343141223321431
213232211221144222134342
143431233442341223423121
141241432141341223223322
212233111444141223124142
124234234232321414313124
143114342432312332142143
113234333232422121123122
312321243224111122323142
113232313311241223341422
144133144424311424323144
212243221343441222143441
113234214233111243423143
243212234222131233124121
243222231341341223321341
112432331241311234423131
213132211443141223141342
213232211433441223141342
223124431321241224142332
143221344121143243321141
212231241341111214141113
342324443324112224314121
214223142342141222121322
213134341242341223431142
241214313121211322343141
213232111443441223431342
233431233143141234324121
212134441313311223422121
313231111113141221341314
213233211324111212123322
213242333431121224333132
212332431421241211321134
224134231342342423242344
213132211441141223241342
213233213121412223211133
214212442313344222123141
223134312411111224321143
213241132433141234441434
113421342132113314243123
223234212442441214143141
122321114133211232443144
212211432331141321443143
213134212312441323131144
213241344232212324341313
313124211311141123423321
243134332133121224242333
212242344131411224221141
213232333144121234422141
212224134341411223413421
122442312131123212143143
133453444144311223124131
342443244121323242441331
212133431434441223133123
414144333123221224324311
213124332433131224341443
141231432431411341341121
144121243232312434231234
213232431434141423144142
443222233232433141333433
134242424144311343224212
113224234231313424213124
232321134431111223114431
213231111442141223341142
213132212444341223141144
413132233133441332423314
123321232441131324421342
213232311343141323134342
341223231414321232124321
213234211442141323123334
214233431121241233131342
232231232311324243142443
112243432123411433441324
343142211222151423242343
213414443141311223442141
424314133431141432321134
214224432121321222421131
211231234144141421141143
213233211422141224141143
113434232423113444242131
113243211123141214123122
133132443323211224423441
213232232143442324143142
213244213311111223123133
422432332123242313123111
113233313341121222423233
144321232331311224213114
213241343113241223223141
341232411432342221441143
112223434332424221323443
212331142141431422442412
123221133421314413142133
212232311443141233141343
213232421332341223443231
213232231343141224111441
122243234431422223443443
211133232432321143432121
212243132344211321412144
144242212342211323213143
213231211411131323341344
224442113113141222124143
211232111122341324342142
212232331422141223444112
213242111142142224113441
243244232324234224343344
132412432221134232323114
213233231443141223121342
215213212342344222143121
213234222341311223134323
211224143343411221441142
223241122333441231423142
241231423414411222334123
213242432133221323442143
341423232343141222142142
113231331432312123424141
113334243441323411324131
213232211432141224413442
312132142331324123412124
113232324442441243111412
213232211423141223141343
242243122341231421334131
233412412334221243121341
223234423241121232232323
114432123232321323431123
113232112312133221324143
313234311433141232242343
332232132123141321141143
421222333432341232424344
244222411331131323142234
223233333423141223411341
213413211423141223141442
213133422343211223243344
213232332143312443114431
312142431442141213134141
244135131341321323324131
213433211323121222344142
132133432431243211243133
442443432443233221341143
242132232341241213442133
213242443141442242321313
144231334132211344323144
243132311443141223141343
213232212434141331142342
444141314434313132321112
213234212331441323142141
141212342431331243144133
113232332133124244123141
222232133433141223342343
243221431322341222442442
243142132413314222443124
342232232422113424123141
114411311444141224141131
213241312343141342123343
114432243111112432344441
243232431442311224332141
214242411441211323441141
121124331313131234332134
141432143421141223442121
113122223243311233243121
341234142331422322232343
213234311443141123141343
213142432311423221123121
214114342331142332134123
234132441211144312313344
213243431243213413123141
211134211423341424143413
213421212443441423432143
213223131242241243143313
213222311441131223423343
112131423133311243321143
212232111443141223344344
143123334121132143243312
514134412342121221243232
133254112334411413432113
313131444124121242231323
432431312113141342323111
133224332134141224341123
152343311234442124143342
213222212413141223242133
214212324344412243243131
