10001100000001
11101002100000
10000000000000
12102112111110
10101111212111
10000000100010
00001000000000
11101011111110
10110002101010
11000101010000
21202112111110
10101000001010
10000000100010
10000001100000
01000010001000
11122111111211
21202112011110
11001111001101
10101011000010
11012111022100
10001010000000
10111011111010
11202111121110
12021220011301
10202011001010
00001000000000
11011111101011
11001101112000
21212121111221
10000011100000
23323222223224
22312121201210
10101001101010
11112113222211
10202020101012
11210111111220
10001000000000
10002000112110
21213222101210
10101001011000
10201011121000
00000010020000
20001011101010
10101011002100
11212211120100
11001001100110
10301011101110
00001000100000
10101011101012
21000020002100
10101001121010
21111113012100
03000003020300
20012012101010
10000000100010
10101000000000
10011111000011
03100033020100
00001001001000
11212112111210
11101010100010
11101112021211
20303020002112
20212020113013
11000100000000
10001001000001
22122221111232
10000011100010
00101000000000
21001111102110
00001010001000
20102010102010
00000000001000
11011121112202
11001010012010
00000001000000
32313323122232
21011110002100
33000123031213
21212012112120
11011112022111
11211111101110
10101010100010
11001113100010
11101011111111
21202112122111
10101001101010
21101011101110
10101120113112
10202011001010
10001001100010
00001000100000
10102010101010
10101011112001
22212123222221
20202021202023
00000000000000
20000310002001
21102021103021
22111120102111
00000000000000
10000001100010
10101011101010
00101000000000
11212012012201
31111111111100
11122120110111
00002010010010
01001000120000
11202113111210
11212221221121
10102011101010
11312111201120
00000001000010
11202011201120
32223132202222
22212211111210
10100000000000
00001001000000
10112010101010
10000001100000
00011100010000
10101011112000
00001000001000
33213122222121
11002111001211
12002111101000
10010011011100
10000000100000
12201111101010
21010100001100
10102011112021
10000001000000
11001011120010
10203120001120
21202121221121
12202122211111
11102012121110
11212121102110
00000000000000
11101111112110
21212122121211
21212122222221
31213122202121
31302121211130
02001001001000
10202111120020
10200011101010
11121222132311
00000001101000
10001000001000
10101000101010
10202100100010
10101010222011
12011321120113
10000000101000
21012011121010
11000111010100
10000010000000
20101010103011
01110112122111
30122020100000
21211121102121
11000011001100
00000001011001
11012111012100
10101011111000
11213122122221
00101011001001
11101121001110
01211111111110
10001111101010
12031221011201
10001011001000
13111112101312
10101001120010
32313122122231
20002031113100
11000110000000
11011010021200
11101131131011
00101001010000
01001101000000
00000000100000
11002013010200
00001010012000
00000011000000
00000000000000
00000010000000
10101011001001
23313122212223
10111010111111
10101111102010
11011111000000
11000001111100
00000000000000
00000003100000
00001000100000
10001001101000
10102101101110
00000000000000
20002010002000
21112111100110
01000001011010
21212112112111
00000003000000
11213111221110
32202222002221
10002020002000
10201010202020
10102110010000
10101010200010
20112221212020
21212121112211
10100000101000
00101001111010
00000001110000
21212121211221
00000000000000
10001011000000
00000100100110
00000000000000
11102111001100
11000012012110
00000000000000
00000102020100
10010001000000
10102111111210
10000001100000
01000011010000
11202111122110
00001000000000
20212121112111
01001011011100
11122112111221
11002011023100
11000010001001
11202111110110
00101010000000
10000001001000
00000002000000
11202013010210
10001000001010
20002121102000
11001112000100
10001012102000
11111001121110
01010101011100
10011001010000
11001111001110
12113013001110
00000000000000
10001001010120
10001011111000
13002131032202
11303011100020
01100011001011
10000010001000
10000001100001
10101011101010
11101011012010
10001001011010
12001211030010
13001113000201
11000012010100
10003000011001
21212121111112
10313113132131
00001001002010
31203112101221
32022213023311
11100001000000
01000000000000
12000212123121
11102012121110
11001011001201
21212122112111
00000000000000
11001011001100
10101002002000
33111133020301
00000000000000
11000103010100
01000001000100
00102111100110
21002111111100
21012122121110
10100001001000
10000000000010
11101012001000
00202011100010
11000002101200
11201012110110
11000000110010
12010111011101
11000011011100
11010011000000
11202112121110
23212230122210
31203122203222
11210123231322
11212113112120
11101110111100
03010212030300
11212012113110
00000013000000
00000001011010
00001000000100
11001012110100
13021121010200
01001013002000
02000103012100
00001001100010
30203021123012
31122012111010
12012111100210
13202113130310
11202111122110
10001012021000
21212011121110
11100001021010
00000000000000
13303113023101
11110013121110
11102012012000
10101011001010
11001211211210
10002011001100
11211111111111
10103001100000
00000001020000
11113212012131
10000011001000
10100011120001
01100011010000
00001010001010
22112121011201
23220232121303
11112012111100
12101112011110
10203011002020
11021112000010
00000110011000
11101121112110
21112212112211
11102111133121
12002112020200
00000001010000
00000000000000
10110011101201
21313122212121
12212111111211
11111111011111
11100011010000
10302013221221
11202012110110
11312113201221
00000000000000
21211012103211
00000001110110
11202102111110
00000000000000
10000001000000
10101112001110
23202112221321
10010111010000
00001011021100
11202011203020
11001012000000
00000001011010
11000001000100
31213221101110
22102013102110
00000000000000
21001011121010
21111022003111
30001111022031
00001011000001
00000001000000
11102112030200
01000000010000
00000001011110
22112112112201
22112112021310
21322222202120
10002021112011
00000001001000
10001012001010
10201112122010
11112113230211
22302112121120
00000000010000
12202111101110
00000010000000
21213122112221
11001121102100
11102111112210
21112121031211
11103111101111
00000000001000
10100003000010
22202113221310
10201001100000
11213111111210
11001010011000
11001111001000
21202122113221
11111112110101
33212223230310
13203122113110
11112113211110
00000000000000
10013012111000
01203011100110
22000020001011
00100011101010
10001000001100
10001010001000
20011001102110
10011011011000
11112013100110
10102111110010
23112103100010
11101112111111
11113123133010
10101012101110
11212112122112
32323123223223
21113212122211
10001000001210
11211122212220
11011101101100
11001002100110
11102211220211
10001011101000
11001012011010
10001000101100
10000013000000
10000000010000
12111011101110
22202121103211
22322221111221
00000001000000
10203113202110
00101000100004
10101011001010
10212211101010
01000002020100
11101012110010
11000011001000
10002010101010
11111123111201
00000001001000
12111011102111
11112121112311
10201010101010
11001111102010
10001011010000
22213123212211
33332221212232
11111011011110
11100011111110
32032222122201
11102011101110
11100011001010
31000000002200
10222011112000
10201000102000
00000000000010
13112112112010
10001111100000
31213122210221
11212113121121
00000000000000
10102001111010
01101011001021
11101211102211
10101021112011
31202111122110
10202011103001
10202011102010
10000000001000
10100011002001
00000000000000
10101010120010
10101010100000
01000101110100
10202010102010
10101011112010
11001021001100
11102012102111
21101122101101
11001012121111
10002001101210
11111011101011
10101011001010
32313223220331
10001000000000
01000001001100
10102000111110
12203111011220
01010012011200
10202111111110
10001001000000
13312312311221
10101011111010
21212111122221
33323223220323
11211121211221
21000101022100
10100011111000
11212002012110
11121011111211
10002002111010
21203122113111
00000001010000
11001112010001
11001012121110
10001011112001
10101111011110
12202123112201
01001001000000
11012112001210
10001101100000
20111011003100
13112122211312
32103123031201
11001011111000
11011111120110
02121211121310
31012110101111
11111112011110
13111013121210
00000001001000
30202112211030
12211211120311
22102011101010
12202012103011
21212111122120
11011112010101
11201001100010
01111211010111
21103111100211
30223120212021
10001000100000
11000113001100
10101001100000
10003001102010
00000011001000
10001011033010
11001122112111
10202101111210
11101012121010
00000000100000
11102123121111
11001213111210
11000000121001
01101200011110
10212011110010
00001001010000
00000000000000
00000000000000
11202013101100
22212223122010
20102111102002
21211112112111
10101011100000
11112111112110
21113021103120
11101112111210
21212122112111
11012122002110
33113223121311
11000000020000
11201011100210
11001012000000
10000020000000
10000001000000
21122212011211
21112212021110
33323233333333
23323223332331
22202221111221
11011210121211
22212121112211
32223121312232
21202121102111
31203111223222
11112111211211
31302121132123
22212121102021
22212222222221
13021222011301
11002122010101
23213112120121
11313121121211
20213122211112
22212111212120
20203123102021
21213120313221
21103112111200
11101011100210
12203112231111
30313303333331
10101001120010
22323112102330
10202001112110
20102011100121
21011010113101
10101011002210
21302111221120
20301011300020
11212112212221
21202120111111
21202121221211
21212122222121
10202010223010
21103122223130
32013220311331
21213122222212
11000000000100
11201001100010
21313221302133
22212110110110
11212111222120
23322233322322
32112223231321
22102113121310
11212121311131
00212101120230
21202111001010
12212121112121
00000000000000
12212011102210
10103002101210
21202121321020
21303122232121
11000211011200
10001120112100
11101011110000
01112101010120
21323333312231
21113123121210
21003013003000
21111121022110
32222123112221
31203121322231
10201012111010
21211122322221
32323222102221
22202111101110
31202101232120
31223102132231
23211311210310
22312021302122
10213121113131
21212123122221
30203122102021
32313122312231
21212222121111
12212121233311
22022222210321
21122223112322
23122223231330
11212122113221
21313222222121
21203222123110
33313233303233
21202010102120
32202131001210
23212123202232
23212323123330
10002000000000
21112123111110
23112123113211
32223223313321
21203111120220
10101001010100
11202002111111
11112111021211
21202122221211
11102121221311
00001000000000
32323231311321
13132213120311
22011212110300
11203110200110
23333323330333
20202112111010
11102100120210
11001111111100
21313111221221
21002210001011
10000001100110
21101113101100
31313121121210
21203122211222
11202111022112
20201001212010
10202011101010
11101110102101
10101011101011
12313113020210
21312122212221
11213213112221
21102111102110
10201010100000
10000000001000
22112121222114
13203110121210
10202122111021
21212122112210
10313121211230
00002120133020
31203122322120
30203121112020
32222123222312
01001113000000
11110001111110
22212111120100
13312123222221
10303000210121
10102011112110
31202121122120
33323222332323
21222222131312
23312222120313
12121123022210
10002011101000
22213122110201
21012111102110
12212112122211
01101003001201
02012113100200
32313122221323
22112121021211
21110021011110
31103122112121
21101011111110
10102001101010
12303132102321
10202113110000
31213122203111
21312111000131
21212121102111
21212222112101
21113113022020
21012121112111
11111011121111
33213121313323
31112121202120
21203111211121
21202111112120
21223131231331
21211111211121
31302120222132
30203022202111
31212122212131
30301120203032
20103120213021
21203020200012
21202122101100
21212010102013
00001010000000
11302121200020
33223231333320
32223220322312
10202112111111
21202011101120
11212111221220
33222321123332
11202011122011
32303233312131
23323233222321
33023221101301
22022222111220
31113122132131
23101121033213
13013123220211
11011111122111
33223222232323
10202011113011
31203122121111
32313221312232
11011011121110
31323130310233
11001110101100
21212122211121
12013111011200
11202113121121
11212122121211
11003011102101
33333323322322
32123223111310
22023221212221
22012221001321
11202111112121
21202121202111
11102111122012
01102011101110
31312112221120
20303223123020
20222122003021
31203133321123
11011111001110
21212111112211
33323333232333
22313122122210
11202121111111
21202131202221
