   01 2111111111111
   02 3321122222411
   03 5431122343542
   04 1111221211211
   05 2313111224221
   06 3244132252231
   07 3411412222411
   08 3211131111423
   09 3452232242233
   10 1311122111232
   11 1211111621211
   12 3332111422211
   13 3521141111211
   14 2311111611211
   15 2311111156111
   16 3211212122322
   17 1221216633111
   18 2231211616111
   19 4351122321222
   20 1213412132121
   21 4312121121221
   22 3212212112211
   23 2311212222213
   24 1221111111111
   25 2211211625211
   26 2221122116221
   27 2221222311222
   28 2211412122212
   29 1121111111111
   30 2211111161111
   31 2351222222231
   32 1211212211212
   33 1211111111211
   34 1116111611211
   35 4322232342233
   36 2313342211111
   37 1111111611111
   38 6311212116113
   39 2111111111211
   40 2311112111222
   41 2321122211412
   42 3311121166422
   43 1212211243111
   44 3211121111411
   45 5311122123411
   46 2332122244242
   47 2221111111111
   48 4544432243435
   49 1121111616211
   50 2221111111221
   51 3332122141443
   52 2212224311141
   53 2311221212212
   54 2211211111211
   55 4212511221214
   56 5321123323211
   57 1311211221111
   58 2352123253344
   59 1313414123311
   60 3231223423132
   61 1111121111212
   62 2214222122111
   63 5311121122321
   64 4111211122211
   65 2111211111211
   66 1212211111221
   67 3511414312143
   68 2312321111223
   69 2211112461214
   70 2211121221414
   71 2331122243335
   72 4422221142244
   73 4432521323322
   74 2321222212213
   75 3351211453223
   76 2321111111211
   77 2221122211222
   78 4423422121221
   79 2231113333243
   80 3453323333333
   81 1341242122122
   82 3313311144442
   83 4442151133213
   84 3321122122311
   85 2114111616216
   86 4321222232233
   87 4211311111211
   88 3211211311211
   89 1111111111111
   90 1321121111213
   91 2433212231431
   92 4221221121424
   93 3414212343241
   94 3322222243233
   95 1211111121111
   96 2411112152214
   97 3313112242211
   98 4431133343444
   99 1212122211223
  100 2312111122211
  101 1211211111111
  102 2212111111111
  103 2121111122212
  104 2212321211511
  105 1412222122221
  106 2211211243131
  107 2452244322321
  108 1211311111311
  109 1121211121111
  110 1412222211161
  111 2312211143223
  112 2112211122211
  113 1211111111111
  114 1111121116211
  115 1322123343444
  116 2111111211211
  117 1221112222211
  118 1211311122111
  119 2442225211231
  120 1211111622211
  121 5211111622111
  122 2211112222222
  123 1211111121111
  124 5131111111512
  125 1111111616111
  126 2221223211231
  127 4451121153324
  128 2415523343443
  129 3661211143411
  130 4321241262515
  131 1111211111111
  132 2411111111111
  133 2414121121111
  134 2221211122112
  135 3211212211431
  136 1513311121211
  137 2111112121231
  138 2211112122221
  139 2211212121111
  140 1211322121221
  141 1232442224424
  142 3311121152211
  143 2312122111232
  144 5553145444541
  145 2221111621211
  146 1211211661111
  147 1311211111111
  148 1111111616111
  149 1352211133312
  150 3312121322411
  151 2222222222211
  152 4411131111213
  153 1131221111121
  154 3321111141414
  155 2212211121215
  156 5312221111211
  157 2423411122411
  158 2331121333421
  159 2211112322221
  160 3421163422434
  161 5452231143521
  162 2555332243345
  163 3351222132421
  164 3221221422213
  165 2311212131221
  166 3231121144411
  167 3221212222241
  168 5311115223113
  169 5332221111212
  170 4552322255545
  171 1111211111111
  172 1332112211111
  173 1111111111111
  174 2211111111223
  175 4215411141211
  176 4224241455513
  177 2311222222321
  178 4351134444542
  179 4311331233421
  180 4214211111213
  181 3342242253423
  182 3511132211411
  183 1342144232435
  184 3211221111411
  185 5641211142131
  186 1431122223311
  187 2321113242321
  188 1212111121121
  189 1241111111123
  190 2311111122311
  191 2622311142211
  192 2221121616511
  193 1211211111211
  194 2212211111111
  195 1321121143222
  196 1211111111111
  197 1431111154211
  198 1211121311121
  199 1241212211211
  200 2231241223411
  201 3111221111212
  202 2321212211211
  203 4321221643311
  204 1312411111241
  205 1211211222211
  206 1221111611141
  207 2211112211221
  208 5312321253131
  209 2222225422122
  210 4214221111211
  211 2211312211221
  212 1335542344423
  213 1111111121211
  214 2611111616111
  215 2211221144111
  216 1211211111231
  217 4311163211531
  218 2311222322131
  219 1111111621211
  220 3315311232211
  221 2321132116421
  222 1311121616111
  223 4212121112221
  224 1311111124111
  225 1111111111216
  226 1111111611111
  227 1111111111211
  228 2321132233423
  229 2211111622211
  230 1221221621221
  231 3321112411111
  232 1111111616111
  233 5532111655133
  234 1211211616211
  235 1211221122211
  236 1222121121534
  237 2211322111121
  238 1121211616211
  239 2521111216211
  240 2131111611122
  241 1312322232222
  242 4113422222333
  243 5242121111111
  244 1211222212211
  245 1111111643111
  246 2211211122211
  247 2143353223433
  248 1211211122211
  249 6351341123423
  250 1311221123211
  251 6211122222211
  252 2321111121111
  253 1211111221211
  254 2322222222432
  255 1211121122321
  256 3241121625111
  257 2211231611211
  258 3211212122112
  259 1111216111111
  260 1611311313231
  261 1111116215111
  262 1212212111211
  263 1231121146411
  264 2612211611113
  265 1211112211211
  266 4411122344341
  267 1211211211611
  268 3236222221112
  269 3231116642111
  270 3212222353331
  271 1211112111111
  272 2311212142431
  273 5251126211361
  274 3212122242311
  275 2221221111211
  276 2311211343411
  277 4251121144324
  278 2111211121211
  279 1211212221212
  280 1111111616111
  281 1211221121111
  282 1251211111221
  283 2111211111211
  284 2111111621211
  285 1321121111212
  286 1211211142222
  287 3112111111211
  288 2312312142111
  289 2431231111111
  290 3221311122212
  291 2211111642111
  292 1211111621111
  293 1311111111216
  294 1211111622211
  295 1251111622211
  296 3321121643313
  297 2111111121211
  298 6211111111111
  299 2311222211221
  300 3362223121216
  301 3211212111122
  302 4321112243243
  303 3311122156541
  304 1311113411111
  305 5651111656312
  306 4311222262513
  307 2212211143211
  308 1111116116111
  309 2211222211311
  310 2221211611222
  311 1322221133211
  312 5515413442353
  313 2111111616111
  314 3221221121222
  315 1111211126161
  316 1111221621111
  317 2422123343533
  318 2622211622131
  319 1222121622211
  320 1211222211211
  321 4421221142432
  322 1222311611211
  323 3222311111111
  324 1433311643142
  325 1221111122321
  326 4411421132411
  327 1211221111212
  328 2211111611111
  329 3311221122322
  330 3211111111213
  331 3352331221412
  332 1311212121411
  333 3211312121112
  334 2214121616113
  335 3211111616231
  336 1111211321111
  337 2322312211265
  338 3321145522435
  339 2321111122231
  340 1111111616211
  341 1521132132114
  342 2211112511211
  343 1111211111131
  344 1116216616111
  345 1211111111111
  346 1531133121211
  347 4312222142434
  348 4311122132331
  349 3454141155435
  350 4321111111111
  351 5321221154234
  352 2211121111211
  353 2221112224223
  354 1113512253212
  355 2222312342122
  356 1251211111231
  357 4232222322422
  358 1211112311412
  359 2221112122211
  360 1251111111234
  361 2312121132512
  362 1211212122121
  363 1214212111121
  364 1231211122411
  365 3331214422111
  366 2451321145144
  367 2211112111211
  368 3211211111111
  369 2141112211113
  370 4321151122511
  371 2261111111111
  372 2111122311311
  373 1314322133231
  374 4441223244441
  375 1211111142111
  376 1221211121213
  377 5543211154542
  378 1111211111111
  379 5211121111211
  380 2551225363343
  381 4424423343455
  382 2422112243321
  383 1111111111112
  384 1221111122115
  385 4211111143233
  386 1111211121211
  387 4412232253511
  388 1221121111211
  389 1314331111243
  390 2211213222123
  391 1321112132425
  392 3211222122213
  393 5311221111111
  394 2221122111512
  395 1311122216131
  396 1121221121211
  397 2431122222141
  398 1211312221211
  399 3312311622223
  400 2221112312221
  401 1311411616311
  402 1111111616111
  403 2231121121411
  404 1111111616111
  405 2211121122511
  406 1111111616111
  407 2211421666211
  408 2311141111111
  409 1221111111111
  410 2311632116211
  411 3622251122344
  412 1211112116221
  413 1111121621112
  414 2221212121211
  415 2221111622212
  416 3341232122221
  417 1121211111211
  418 1211121116111
  419 4221223152131
  420 1311121654411
  421 1341112311111
  422 3112211621121
  423 2211112222212
  424 1121111111111
  425 2121321311121
  426 2211111111111
  427 3331221122142
  428 1111111611111
  429 2211121666212
  430 2312121122311
  431 1211111622111
  432 1111111611211
  433 2221322222231
  434 2211122222122
  435 3534611653111
  436 2312311111212
  437 2211121621211
  438 1111116616211
  439 4311121112121
  440 1611166116111
  441 2342212155111
  442 1161121111211
  443 2351112143411
  444 1111112111111
  445 3221121111221
  446 3312111121113
  447 1222211611111
  448 3312111232211
  449 2222122112211
  450 1221321111111
  451 1211211616111
  452 1221211343211
  453 2221211122221
  454 3211211442411
  455 3311111111211
  456 2221221211211
  457 1211111111211
  458 2322211621221
  459 5532221642541
  460 1311111612111
  461 2312612323242
  462 4211122512122
  463 5351211654261
  464 5322132116423
  465 5322221131123
  466 1351111111211
  467 3323221122411
  468 1311111611133
  469 3331122332211
  470 3411131111544
  471 1221111111211
  472 3231211653113
  473 1211121121121
